537539556119
559868897280
566694899095
612169223963
566700203403
582154342729
581704000297
40844663705
600932058333
560454169970
611218796479
16914648132
41930581793
43557127826
43836604206
526256013584
537783105938
538688343613
539329058910
539798535423
549951148887
550181092780
550189462849
550225741968
550281158824
552790837013
553350127780
555176437380
557041813996
558596461970
559101912744
559303233985
559360262475
560359707378
561316427429
561897804878
562699529401
562800423283
563451626963
565876396202
566000169760
566805629407
568302562015
577253947669
578323822970
578409369729
582357951467
596733380975
596869895887
596970557748
597463034616
601608085564
601612058331
603383811589
604035325011
604099889111
605661675553
605668032834
605988521690
606134328835
608557201009
611223265045
611587537638
611610597456
611712359485
611891455980
611945723187
611951486219
612142243066
599648775985
601992377478
611586261649
611272808632
611524145911
595114805524
537464694779
596809211292
537539396284
612082019478
579580489169
602693568062
579147322829
584460207534
524798659351
53778310593
100006066047
559828657513
611949999645